>anchorPlateId 0
>reconstructionTime 0
>04config+Yangtze.xy.gpml
>Global_EarthByte_230-0Ma_GK07_AREPS.rot
>UnclassifiedFeature <identity>GPlates-180c275f-bf85-42e7-9451-9976f0aa3e24</identity> <revision>GPlates-5eea7a71-080b-45f3-bce9-86abf639fb0c</revision>
> oldPlatesHeader
> reconstructionPlateId 601
> name
> validTime TimePeriod <begin> TimeInstant <timePosition>1000</timePosition></begin> <end> TimeInstant <timePosition>0</timePosition></end>
  104.433735      39.990362
  103.887102      39.184413
  103.883450      38.377246
  104.423996      37.837917
  105.236032      37.297980
  106.589832      36.487770
  107.131596      36.217497
  107.942415      35.408504
  108.754451      34.868567
  109.566488      34.328629
  110.108251      34.058356
  110.920288      33.518419
  111.732324      32.978482
  112.545578      32.707600
  113.903030      32.704556
  115.259265      32.432457
  116.616718      32.429414
  117.701462      32.157923
  118.789859      32.693599
  119.878255      33.229276
  120.966652      33.764952
  121.512068      34.301845
  123.144663      35.105360
  123.690079      35.642253
  123.964004      36.179756
  121.792080      36.184626
  120.435846      36.456725
  119.353536      37.266326
  119.357189      38.073493
  120.715858      38.339505
  121.531547      38.606735
  122.891434      39.141802
  123.705906      39.139976
  123.702253      38.332809
  124.516725      38.330983
  125.602687      38.328548
  126.144450      38.058275
  126.412288      37.250500
  126.952834      36.711171
  127.497033      36.979009
  128.042448      37.515903
  129.671391      37.512251
  129.945316      38.049753
  130.220459      38.856311
  130.495602      39.662869
  129.955056      40.202197
  129.141802      40.473079
  127.515294      41.014843
  126.157842      41.017886
  124.800390      41.020930
  123.715645      41.292420
  122.358193      41.295464
  120.456542      41.030669
  119.370580      41.033104
  118.283401      40.766484
  116.381750      40.501689
  115.567279      40.503515
  114.481317      40.505950
  113.123865      40.508994
  111.766413      40.512037
  110.953159      40.782919
  109.595707      40.785963
  108.238254      40.789006
  107.151075      40.522386
  106.608094      40.523603
  105.792405      40.256374
>UnclassifiedFeature <identity>GPlates-82957f1d-1aea-4d99-a768-3316293ff931</identity> <revision>GPlates-549d3821-f855-49bf-903d-c8859242a7f5</revision>
> oldPlatesHeader
> reconstructionPlateId 701
> name
> validTime TimePeriod <begin> TimeInstant <timePosition>1000</timePosition></begin> <end> TimeInstant <timePosition>0</timePosition></end>
   8.625244       0.740741
   9.861333       1.728395
  10.848987       2.222222
  11.591249       2.962963
  13.320151       3.950617
  14.307805       4.444444
  15.294446       4.691358
  15.787259       4.691358
  16.527493       4.938272
  17.760539       5.185185
  18.006946       5.185185
  18.994600       5.679012
  19.242021       5.925926
  19.735848       6.172840
  19.984283       6.666667
  20.726544       7.407407
  20.726544       7.407407
  21.959591       7.654321
  22.699825       7.901235
  23.685451       7.901235
  24.424671       7.901235
  24.424671       7.901235
  25.408269       7.407407
  25.408269       7.407407
  26.388826       6.172840
  26.635232       6.172840
  26.877583       5.185185
  26.875555       4.691358
  27.120947       4.444444
  27.115877       3.209877
  27.112835       2.469136
  26.863386       1.728395
  26.613938       0.987654
  26.610896       0.246914
  26.605826      -0.987654
  26.603797      -1.481481
  26.600755      -2.222222
  26.594671      -3.703704
  26.592643      -4.197531
  27.083428      -4.691358
  27.325779      -5.679012
  27.323751      -6.172840
  27.814536      -6.666667
  27.813522      -6.913580
  28.056886      -7.654321
  28.055872      -7.901235
  28.050802      -9.135802
  27.802368      -9.629630
  27.305499      -10.617284
  27.303470      -11.111111
  27.055036      -11.604938
  27.054022      -11.851852
  26.560195      -12.098765
  26.311760      -12.592593
  25.817933      -12.839506
  25.076685      -13.333333
  24.332395      -14.567901
  24.330367      -15.061728
  24.080919      -15.802469
  23.830456      -16.790123
  23.334601      -17.530864
  23.332573      -18.024691
  22.838746      -18.271605
  22.591325      -18.518519
  22.097498      -18.765432
  19.633432      -18.765432
  19.386012      -19.012346
  18.892184      -19.259259
  18.892184      -19.259259
  18.152965      -19.259259
  17.413745      -19.259259
  17.167338      -19.259259
  15.689913      -19.012346
  15.198114      -18.765432
  14.705301      -18.765432
  14.212488      -18.765432
  13.474282      -18.518519
  13.228889      -18.271605
  13.229903      -18.024691
  12.985525      -17.530864
  12.989581      -16.543210
  13.237002      -16.296296
  14.225670      -15.555556
  14.718483      -15.555556
  15.457703      -15.555556
  16.688722      -15.802469
  17.428955      -15.555556
  17.675362      -15.555556
  17.921768      -15.555556
  18.663016      -15.061728
  18.910437      -14.814815
  18.911451      -14.567901
  19.158871      -14.320988
  19.652699      -14.074074
  19.653713      -13.827160
  19.902147      -13.333333
  19.905189      -12.592593
  19.906203      -12.345679
  19.663853      -11.358025
  19.663853      -11.358025
  19.418460      -11.111111
  19.174082      -10.617284
  19.175096      -10.370370
  18.438918      -9.629630
  18.439932      -9.382716
  17.947119      -9.382716
  16.960479      -9.629630
  16.467665      -9.629630
  15.728446      -9.629630
  14.742819      -9.629630
  14.004614      -9.382716
  13.268436      -8.641975
  13.023044      -8.395062
  12.285852      -7.901235
  12.285852      -7.901235
  11.548660      -7.407407
  11.549674      -7.160494
  11.304282      -6.913580
  11.058889      -6.666667
  11.058889      -6.666667
  10.814511      -6.172840
  10.570132      -5.679012
  10.573174      -4.938272
  10.327782      -4.691358
  10.084417      -3.950617
  10.084417      -3.950617
   9.840039      -3.456790
   9.351281      -2.469136
   9.351281      -2.469136
   9.355338      -1.481481
   9.355338      -1.481481
   8.865566      -0.740741
   8.375795       0.000000
>UnclassifiedFeature <identity>GPlates-3fcd735c-3c35-4e55-b0eb-ce454732800f</identity> <revision>GPlates-efdf4c0e-8766-4e3b-b592-4e3beb597a33</revision>
> oldPlatesHeader
> reconstructionPlateId 501
> name
> validTime TimePeriod <begin> TimeInstant <timePosition>1000</timePosition></begin> <end> TimeInstant <timePosition>0</timePosition></end>
  74.223135      13.827160
  74.959312      13.086420
  75.450098      12.592593
  75.941897      12.345679
  76.433696      12.098765
  76.926509      12.098765
  77.420336      12.345679
  77.668771      12.839506
  78.410019      13.333333
  78.657439      13.580247
  78.904860      13.827160
  79.153294      14.320988
  79.649149      15.061728
  80.143991      15.555556
  80.391411      15.802469
  80.886252      16.296296
  80.887266      16.543210
  81.629528      17.283951
  81.877963      17.777778
  82.619211      18.271605
  82.865617      18.271605
  83.362486      19.259259
  83.120136      20.246914
  82.628337      20.493827
  81.889117      20.493827
  81.149897      20.493827
  80.904505      20.740741
  80.167313      21.234568
  79.674500      21.234568
  78.937308      21.728395
  78.442467      21.234568
  76.965042      21.481481
  76.965042      21.481481
  76.226836      21.728395
  75.488630      21.975309
  75.488630      21.975309
  74.751439      22.469136
  73.521434      22.962963
  73.275027      22.962963
  72.783228      23.209877
  71.797602      23.209877
  71.551195      23.209877
  71.551195      23.209877
  70.809948      22.716049
  70.808934      22.469136
  70.806905      21.975309
  71.051284      21.481481
  71.543083      21.234568
  71.789490      21.234568
  72.032854      20.493827
  72.276219      19.753086
  72.274191      19.259259
  72.272163      18.765432
  72.270135      18.271605
  72.268107      17.777778
  72.265065      17.037037
  72.264050      16.790123
  72.507415      16.049383
  72.506401      15.802469
  72.751794      15.555556
  72.996172      15.061728
  73.486957      14.567901
>UnclassifiedFeature <identity>GPlates-3d3492ef-a1d1-450b-9944-d53f6d2a458e</identity> <revision>GPlates-e8abcf21-c280-42e6-b375-17b7eec4911b</revision>
> oldPlatesHeader
> reconstructionPlateId 401
> name
> validTime TimePeriod <begin> TimeInstant <timePosition>1000</timePosition></begin> <end> TimeInstant <timePosition>0</timePosition></end>
  109.885162      57.530864
  110.624382      57.530864
  111.363602      57.530864
  111.610008      57.530864
  111.856415      57.530864
  112.349228      57.530864
  112.842041      57.530864
  113.581261      57.530864
  114.319467      57.283951
  115.305093      57.283951
  115.551500      57.283951
  116.044313      57.283951
  116.537126      57.283951
  117.277360      57.530864
  117.523766      57.530864
  117.523766      57.530864
  118.755799      57.530864
  119.002206      57.530864
  119.496033      57.777778
  119.990874      58.271605
  120.731108      58.518519
  121.716734      58.518519
  122.948767      58.518519
  123.195173      58.518519
  124.427206      58.518519
  125.165412      58.271605
  125.658225      58.271605
  126.890258      58.271605
  127.135650      58.024691
  128.120263      57.777778
  128.366669      57.777778
  129.845109      57.777778
  130.337922      57.777778
  131.816361      57.777778
  132.062768      57.777778
  133.048394      57.777778
  133.294801      57.777778
  134.035034      58.024691
  135.268081      58.271605
  135.760894      58.271605
  136.254721      58.518519
  136.748549      58.765432
  137.242376      59.012346
  137.243390      59.259259
  137.490811      59.506173
  138.232058      60.000000
  138.480493      60.493827
  138.975334      60.987654
  138.978376      61.728395
  138.735012      62.469136
  138.490633      62.962963
  137.258600      62.962963
  136.275002      63.456790
  135.042969      63.456790
  134.058357      63.703704
  133.071717      63.456790
  131.842726      64.197531
  130.611707      64.444444
  129.872487      64.444444
  128.888889      64.938272
  128.398104      65.432099
  127.909347      66.419753
  127.419576      67.160494
  127.422618      67.901235
  127.424646      68.395062
  127.427688      69.135802
  127.430730      69.876543
  127.430730      69.876543
  125.708926      70.617284
  125.217127      70.864198
  124.724314      70.864198
  124.231500      70.864198
  123.740715      71.358025
  123.494309      71.358025
  122.755089      71.358025
  122.263290      71.604938
  121.278678      71.851852
  120.785865      71.851852
  120.293051      71.851852
  119.309453      72.345679
  118.816640      72.345679
  116.846401      72.592593
  115.861789      72.839506
  115.368976      72.839506
  114.876163      72.839506
  114.136943      72.839506
  113.644130      72.839506
  112.659518      73.086420
  111.427485      73.086420
  110.688265      73.086420
  109.456232      73.086420
  109.209826      73.086420
  108.717013      73.086420
  107.976779      72.839506
  106.991153      72.839506
  106.498340      72.839506
  105.759120      72.839506
  105.266307      72.839506
  105.267321      73.086420
  105.762162      73.580247
  106.254975      73.580247
  106.996223      74.074074
  107.489036      74.074074
  108.475676      74.320988
  109.214896      74.320988
  109.954116      74.320988
  110.200522      74.320988
  111.679976      74.567901
  111.926382      74.567901
  112.420209      74.814815
  112.668644      75.308642
  112.916065      75.555556
  112.177859      75.802469
  110.945826      75.802469
  107.989961      76.049383
  107.743555      76.049383
  106.018709      76.049383
  105.279489      76.049383
  104.540269      76.049383
  104.047456      76.049383
  102.570031      76.296296
  102.322610      76.049383
  101.089563      75.802469
  100.102923      75.555556
  98.870890      75.555556
  98.132684      75.802469
  97.147058      75.802469
  96.161432      75.802469
  95.668619      75.802469
  93.203539      75.555556
  92.710726      75.555556
  92.464319      75.555556
  91.724085      75.308642
  90.983852      75.061728
  90.243618      74.814815
  89.504398      74.814815
  88.271351      74.567901
  87.777524      74.320988
  87.037291      74.074074
  85.309402      73.333333
  83.582528      72.839506
  83.089715      72.839506
  83.089715      72.839506
  82.348468      72.345679
  82.100033      71.851852
  81.852612      71.604938
  81.850584      71.111111
  81.601136      70.370370
  81.106295      69.876543
  79.378406      69.135802
  79.377392      68.888889
  79.128958      68.395062
  78.387710      67.901235
  77.891855      67.160494
  77.397014      66.666667
  76.902173      66.172840
  76.406317      65.432099
  76.156869      64.691358
  75.907420      63.950617
  75.904378      63.209877
  75.902350      62.716049
  75.900322      62.222222
  76.143686      61.481481
  76.142672      61.234568
  77.126271      60.740741
  77.372677      60.740741
  77.619084      60.740741
  78.358304      60.740741
  78.851117      60.740741
  79.344944      60.987654
  80.577991      61.234568
  81.069790      60.987654
  82.054402      60.740741
  82.054402      60.740741
  83.533856      60.987654
  83.780262      60.987654
  84.764874      60.740741
  85.748473      60.246914
  85.994879      60.246914
  87.224884      59.753086
  87.716683      59.506173
  87.962076      59.259259
  88.454889      59.259259
  89.192081      58.765432
  89.438487      58.765432
  89.438487      58.765432
  90.422085      58.271605
  91.159277      57.777778
  91.405684      57.777778
  92.390296      57.530864
  92.635688      57.283951
  93.865693      56.790123
  94.112100      56.790123
  95.342105      56.296296
  95.833904      56.049383
  96.325703      55.802469
  97.802114      55.308642
  98.784698      54.567901
  99.523918      54.567901
  100.753923      54.074074
  101.492129      53.827160
  102.230334      53.580247
  102.476741      53.580247
  102.724162      53.827160
  103.710802      54.074074
  104.450022      54.074074
  105.189241      54.074074
  105.189241      54.074074
  105.928461      54.074074
  106.174868      54.074074
  106.421274      54.074074
  106.668695      54.320988
  106.916115      54.567901
  106.917129      54.814815
  107.164550      55.061728
  107.412984      55.555556
  107.413999      55.802469
  107.661419      56.049383
  107.909854      56.543210
  108.404695      57.037037
  108.652115      57.283951
>UnclassifiedFeature <identity>GPlates-028c08c5-e327-4018-9336-bc985a8f864f</identity> <revision>GPlates-66c83b71-ac2a-4e24-9fea-815810f33e23</revision>
> oldPlatesHeader
> reconstructionPlateId 801
> name
> validTime TimePeriod <begin> TimeInstant <timePosition>1000</timePosition></begin> <end> TimeInstant <timePosition>0</timePosition></end>
  129.726468      -31.111111
  129.972875      -31.111111
  130.464674      -31.358025
  131.202880      -31.604938
  131.694679      -31.851852
  132.186478      -32.098765
  132.923670      -32.592593
  133.415469      -32.839506
  133.906254      -33.333333
  134.151646      -33.580247
  134.643446      -33.827160
  135.382665      -33.827160
  135.875479      -33.827160
  136.368292      -33.827160
  136.862119      -33.580247
  137.355946      -33.333333
  137.603366      -33.086420
  137.849773      -33.086420
  138.098208      -32.592593
  138.592035      -32.345679
  138.594063      -31.851852
  138.596091      -31.358025
  138.351712      -30.864198
  138.107334      -30.370370
  137.618577      -29.382716
  137.373184      -29.135802
  136.882399      -28.641975
  136.392628      -27.901235
  134.916217      -27.407407
  134.669810      -27.407407
  134.178011      -27.160494
  133.931604      -27.160494
  132.454179      -26.913580
  132.207773      -26.913580
  131.714959      -26.913580
  131.467539      -27.160494
  131.219104      -27.654321
  130.724263      -28.148148
  130.476842      -28.395062
  130.229422      -28.641975
  129.735595      -28.888889
  129.488174      -29.135802
  129.485132      -29.876543
  129.483104      -30.370370
>UnclassifiedFeature <identity>GPlates-51cc903b-8619-452e-abfe-53247076c7e0</identity> <revision>GPlates-a0f859d3-f2f3-45c2-9ea6-3bde769dd9d4</revision>
> oldPlatesHeader
> reconstructionPlateId 701
> name
> validTime TimePeriod <begin> TimeInstant <timePosition>1000</timePosition></begin> <end> TimeInstant <timePosition>0</timePosition></end>
  19.082820      -32.839506
  19.326185      -33.580247
  19.817984      -33.827160
  20.557203      -33.827160
  21.050016      -33.827160
  21.542830      -33.827160
  22.283063      -33.580247
  23.022283      -33.580247
  23.516110      -33.333333
  24.255330      -33.333333
  24.995564      -33.086420
  25.243998      -32.592593
  25.491419      -32.345679
  25.740867      -31.604938
  26.234695      -31.358025
  26.729536      -30.864198
  26.730550      -30.617284
  27.471798      -30.123457
  27.721246      -29.382716
  28.215073      -29.135802
  28.462494      -28.888889
  28.710929      -28.395062
  29.946003      -27.654321
  30.195452      -26.913580
  30.442873      -26.666667
  31.185134      -25.925926
  31.186148      -25.679012
  31.435597      -24.938272
  31.931452      -24.197531
  31.934494      -23.456790
  31.936522      -22.962963
  31.446751      -22.222222
  31.447765      -21.975309
  30.960022      -20.740741
  30.714630      -20.493827
  30.469237      -20.246914
  30.471265      -19.753086
  30.472279      -19.506173
  29.983522      -18.518519
  29.739144      -18.024691
  29.247345      -17.777778
  28.507111      -18.024691
  27.765863      -18.518519
  27.025629      -18.765432
  26.285396      -19.012346
  25.053363      -19.012346
  24.066722      -19.259259
  23.572895      -19.506173
  23.325475      -19.753086
  23.077040      -20.246914
  22.335792      -20.740741
  21.840951      -21.234568
  21.347124      -21.481481
  20.604862      -22.222222
  20.603848      -22.469136
  20.354400      -23.209877
  20.104951      -23.950617
  20.101909      -24.691358
  20.098867      -25.432099
  20.094811      -26.419753
  20.337161      -27.407407
  20.334119      -28.148148
  20.331077      -28.888889
  19.836236      -29.382716
  19.835222      -29.629630
  19.587801      -29.876543
  19.338353      -30.617284
  19.338353      -30.617284
  19.089918      -31.111111
  18.842498      -31.358025
  18.840469      -31.851852
>UnclassifiedFeature <identity>GPlates-c79035e3-debc-48d4-a88f-bda4e64d5804</identity> <revision>GPlates-1cf2befa-9618-4a3c-9b63-42a67dc20240</revision>
> oldPlatesHeader
> reconstructionPlateId 801
> name
> validTime TimePeriod <begin> TimeInstant <timePosition>1000</timePosition></begin> <end> TimeInstant <timePosition>0</timePosition></end>
  121.068714      -32.812125
  121.501015      -32.595389
  122.552163      -32.003234
  123.118911      -31.845415
  124.253635      -31.213607
  126.233642      -30.932296
  127.392206      -29.538047
  128.167024      -28.771760
  128.636825      -27.582438
  128.857628      -26.680928
  128.802962      -25.975355
  128.691053      -24.566632
  127.901459      -23.183612
  126.912346      -21.559705
  126.246634      -20.444326
  123.666491      -18.098615
  122.008485      -18.411071
  121.149897      -19.506173
  120.163257      -19.753086
  119.028098      -20.095631
  117.741289      -20.648521
  116.096560      -20.873717
  115.718033      -21.472248
  115.962851      -22.216054
  115.734002      -23.678370
  115.941354      -24.329794
  115.290164      -25.287894
  114.928614      -26.472705
  114.324403      -27.309906
  114.505092      -28.367221
  114.860787      -29.186152
  115.059441      -30.341421
  115.609247      -31.419546
  115.799619      -32.581385
  116.997866      -33.213339
  118.689668      -33.315099
  120.018155      -33.084523
>UnclassifiedFeature <identity>GPlates-fa3bf120-2357-46f2-bea1-86122316a676</identity> <revision>GPlates-832c89d4-87a6-4d15-9f7d-733d3d63b9b2</revision>
> oldPlatesHeader
> reconstructionPlateId 201
> name
> validTime TimePeriod <begin> TimeInstant <timePosition>1000</timePosition></begin> <end> TimeInstant <timePosition>0</timePosition></end>
  -43.409131      -9.629630
  -44.396786      -10.123457
  -44.892641      -10.864198
  -44.895683      -11.604938
  -45.144117      -12.098765
  -45.638959      -12.592593
  -46.132786      -12.839506
  -47.857632      -12.839506
  -48.596851      -12.839506
  -49.090679      -13.086420
  -49.584506      -13.333333
  -50.325754      -13.827160
  -51.068015      -14.567901
  -51.316450      -15.061728
  -51.317464      -15.308642
  -51.073085      -15.802469
  -50.828707      -16.296296
  -50.832763      -17.283951
  -51.083226      -18.271605
  -51.581109      -19.506173
  -51.583137      -20.000000
  -52.327427      -21.234568
  -52.823282      -21.975309
  -53.071716      -22.469136
  -53.322179      -23.456790
  -53.326235      -24.444444
  -52.834436      -24.691358
  -51.355997      -24.691358
  -50.863184      -24.691358
  -50.123964      -24.691358
  -49.630137      -24.444444
  -48.889903      -24.197531
  -48.641468      -23.703704
  -48.394048      -23.456790
  -47.652800      -22.962963
  -47.652800      -22.962963
  -47.156945      -22.222222
  -46.415697      -21.728395
  -45.674449      -21.234568
  -44.687809      -20.987654
  -43.453748      -20.493827
  -42.713514      -20.246914
  -42.219687      -20.000000
  -41.477425      -19.259259
  -40.983598      -19.012346
  -40.981570      -18.518519
  -40.733136      -18.024691
  -40.484701      -17.530864
  -40.236266      -17.037037
  -40.235252      -16.790123
  -39.986818      -16.296296
  -39.983776      -15.555556
  -39.736355      -15.308642
  -39.486906      -14.567901
  -39.238472      -14.074074
  -38.990037      -13.580247
  -38.494182      -12.839506
  -37.998327      -12.098765
  -37.996299      -11.604938
  -37.992243      -10.617284
  -38.234593      -9.629630
  -38.479986      -9.382716
  -39.216163      -8.641975
  -39.954369      -8.395062
  -40.937967      -7.901235
  -41.922580      -7.654321
  -42.662813      -7.901235
  -43.159683      -8.888889
>UnclassifiedFeature <identity>GPlates-110f1db5-2967-4c47-9bd5-d181b5183b8d</identity> <revision>GPlates-fdc7d994-dce0-478a-9f5c-ac4418e05c04</revision>
> oldPlatesHeader
> reconstructionPlateId 102
> name
> validTime TimePeriod <begin> TimeInstant <timePosition>1000</timePosition></begin> <end> TimeInstant <timePosition>0</timePosition></end>
  -50.236520      67.901235
  -50.242604      66.419753
  -50.000253      65.432099
  -49.509468      64.938272
  -49.017669      64.691358
  -48.032043      64.691358
  -47.786650      64.444444
  -46.555632      64.197531
  -45.571019      63.950617
  -44.832814      63.703704
  -44.340001      63.703704
  -43.354374      63.703704
  -42.121327      63.950617
  -41.132659      64.691358
  -40.639846      64.691358
  -40.145005      65.185185
  -39.405785      65.185185
  -38.911958      65.432099
  -37.924304      65.925926
  -37.183056      66.419753
  -36.689229      66.666667
  -35.699546      67.654321
  -34.958298      68.148148
  -34.464471      68.395062
  -33.721196      69.382716
  -32.731513      70.370370
  -32.236672      70.864198
  -31.495424      71.358025
  -31.249018      71.358025
  -30.013943      72.098765
  -29.273709      72.345679
  -28.287069      72.592593
  -28.039648      72.839506
  -27.298400      73.333333
  -26.804573      73.580247
  -25.324106      74.074074
  -24.831293      74.074074
  -24.584886      74.074074
  -22.855984      75.061728
  -22.114736      75.555556
  -21.620909      75.802469
  -21.372474      76.296296
  -21.370446      76.790123
  -21.861232      77.283951
  -21.860218      77.530864
  -21.857175      78.271605
  -21.608741      78.765432
  -21.606713      79.259259
  -21.606713      79.259259
  -22.096484      80.000000
  -22.588283      80.246914
  -22.834690      80.246914
  -23.325475      80.740741
  -24.063680      80.987654
  -25.296727      80.740741
  -26.775167      80.740741
  -26.775167      80.740741
  -28.501027      80.493827
  -28.994854      80.246914
  -29.980480      80.246914
  -30.965092      80.493827
  -31.703298      80.740741
  -32.687910      80.987654
  -33.672523      81.234568
  -34.164322      81.481481
  -34.656121      81.728395
  -35.393313      82.222222
  -36.623317      82.716049
  -39.085355      83.209877
  -40.565823      82.716049
  -42.046290      82.222222
  -43.526757      81.728395
  -44.266991      81.481481
  -45.006211      81.481481
  -46.237230      81.728395
  -47.715669      81.728395
  -48.455903      81.481481
  -50.427155      81.481481
  -52.398408      81.481481
  -54.124268      81.234568
  -55.108880      81.481481
  -55.355287      81.481481
  -57.080133      81.481481
  -58.313180      81.234568
  -58.559586      81.234568
  -61.024666      80.987654
  -62.504119      80.740741
  -63.489746      80.740741
  -64.476386      80.493827
  -65.215606      80.493827
  -66.202246      80.246914
  -66.942480      80.000000
  -67.683728      79.506173
  -68.424975      79.012346
  -68.917788      79.012346
  -69.411616      78.765432
  -69.906457      78.271605
  -69.907471      78.024691
  -70.648719      77.530864
  -68.187695      76.790123
  -67.694882      76.790123
  -67.448475      76.790123
  -66.709255      76.790123
  -66.217456      76.543210
  -65.231830      76.543210
  -64.246204      76.543210
  -63.261592      76.296296
  -62.522372      76.296296
  -62.030573      76.049383
  -61.044946      76.049383
  -60.552133      76.049383
  -59.567521      75.802469
  -59.567521      75.802469
  -58.581895      75.802469
  -58.090096      75.555556
  -57.597282      75.555556
  -57.105483      75.308642
  -56.367278      75.061728
  -55.630086      74.567901
  -55.138287      74.320988
  -55.143357      73.086420
  -54.652572      72.592593
  -54.407179      72.345679
  -53.915380      72.098765
  -52.930768      71.851852
  -51.947170      71.358025
  -51.947170      71.358025
  -51.701777      71.111111
  -51.457399      70.617284
  -50.473800      70.123457
  -50.228408      69.876543
  -49.984029      69.382716
  -50.233478      68.641975
>UnclassifiedFeature <identity>GPlates-528f3fcf-f1a5-4d9d-ba1d-865b1c1d26b8</identity> <revision>GPlates-a32dacb3-b63b-4414-9043-c086b1d66076</revision>
> oldPlatesHeader
> reconstructionPlateId 801
> name
> validTime TimePeriod <begin> TimeInstant <timePosition>1000</timePosition></begin> <end> TimeInstant <timePosition>0</timePosition></end>
  128.810809      -14.074074
  128.562375      -14.567901
  128.561361      -14.814815
  128.313940      -15.061728
  127.328314      -15.061728
  126.833473      -15.555556
  127.077851      -16.049383
  127.075823      -16.543210
  127.319188      -17.283951
  127.317160      -17.777778
  127.560524      -18.518519
  127.804903      -19.012346
  127.802875      -19.506173
  128.047253      -20.000000
  128.538038      -20.493827
  129.029838      -20.740741
  129.522651      -20.740741
  129.768043      -20.987654
  130.259842      -21.234568
  130.751641      -21.481481
  130.998048      -21.481481
  131.983674      -21.481481
  132.231095      -21.234568
  132.723908      -21.234568
  133.216721      -21.234568
  133.710548      -20.987654
  133.956955      -20.987654
  134.205389      -20.493827
  134.451796      -20.493827
  134.946637      -20.000000
  135.195072      -19.506173
  135.688899      -19.259259
  135.936320      -19.012346
  135.938348      -18.518519
  136.185768      -18.271605
  136.434203      -17.777778
  136.436231      -17.283951
  136.191852      -16.790123
  136.192866      -16.543210
  135.455675      -16.049383
  135.210282      -15.802469
  135.461759      -14.567901
  135.217380      -14.074074
  134.725581      -13.827160
  134.479175      -13.827160
  133.000735      -13.827160
  132.508936      -13.580247
  131.525338      -13.086420
  131.278931      -13.086420
  130.538698      -13.333333
>UnclassifiedFeature <identity>GPlates-31a620a1-fcb1-446c-999b-7c34a2c2342d</identity> <revision>GPlates-b390841f-5c50-463f-af24-6063170a62f9</revision>
> oldPlatesHeader
> reconstructionPlateId 101
> name
> validTime TimePeriod <begin> TimeInstant <timePosition>1000</timePosition></begin> <end> TimeInstant <timePosition>0</timePosition></end>
  -99.381956      40.987654
  -99.386012      40.000000
  -99.388040      39.506173
  -99.144675      38.765432
  -99.145689      38.518519
  -99.148731      37.777778
  -99.150759      37.283951
  -99.151773      37.037037
  -99.154815      36.296296
  -99.156843      35.802469
  -98.665044      35.555556
  -98.418638      35.555556
  -97.926839      35.308642
  -97.434025      35.308642
  -97.188633      35.061728
  -96.695820      35.061728
  -96.203007      35.061728
  -95.710193      35.061728
  -94.970974      35.061728
  -94.478161      35.061728
  -93.985347      35.061728
  -93.491520      35.308642
  -92.751287      35.555556
  -92.011053      35.802469
  -91.763632      36.049383
  -91.268791      36.543210
  -90.773950      37.037037
  -90.033716      37.283951
  -89.540903      37.283951
  -88.802697      37.037037
  -88.803711      36.790123
  -88.806753      36.049383
  -88.564403      35.061728
  -88.565417      34.814815
  -88.323066      33.827160
  -88.077674      33.580247
  -87.093062      33.333333
  -86.600248      33.333333
  -85.859001      33.827160
  -84.873374      33.827160
  -84.132127      34.320988
  -83.884706      34.567901
  -83.638299      34.567901
  -83.636271      35.061728
  -83.139402      36.049383
  -83.138388      36.296296
  -82.882855      38.518519
  -82.879813      39.259259
  -82.630365      40.000000
  -82.135524      40.493827
  -81.148883      40.740741
  -80.161229      41.234568
  -79.667402      41.481481
  -79.173575      41.728395
  -78.679748      41.975309
  -77.940528      41.975309
  -76.459046      42.716049
  -76.211626      42.962963
  -74.976551      43.703704
  -74.730144      43.703704
  -73.496083      44.197531
  -73.001242      44.691358
  -72.257966      45.679012
  -71.517733      45.925926
  -71.022891      46.419753
  -70.775471      46.666667
  -70.528050      46.913580
  -70.034223      47.160494
  -68.799148      47.901235
  -68.306335      47.901235
  -67.812508      48.148148
  -65.839227      48.641975
  -65.592821      48.641975
  -64.853601      48.641975
  -64.853601      48.641975
  -63.373134      49.135802
  -62.387507      49.135802
  -62.140087      49.382716
  -60.908054      49.382716
  -59.428600      49.629630
  -57.949147      49.876543
  -57.456334      49.876543
  -56.220245      50.864198
  -55.973838      50.864198
  -55.971810      51.358025
  -55.720334      52.592593
  -55.964712      53.086420
  -56.702918      53.333333
  -57.439096      54.074074
  -57.930895      54.320988
  -58.422694      54.567901
  -59.160899      54.814815
  -59.652699      55.061728
  -60.143484      55.555556
  -61.126068      56.296296
  -61.126068      56.296296
  -61.617867      56.543210
  -62.353031      57.530864
  -62.841788      58.518519
  -63.332573      59.012346
  -63.825386      59.012346
  -65.059447      58.518519
  -65.553274      58.271605
  -66.538900      58.271605
  -67.277106      58.518519
  -68.508125      58.765432
  -68.754531      58.765432
  -69.736102      59.753086
  -70.227901      60.000000
  -72.196111      60.740741
  -72.441504      60.987654
  -73.180723      60.987654
  -74.165336      61.234568
  -74.904555      61.234568
  -75.398383      60.987654
  -75.893224      60.493827
  -75.896266      59.753086
  -75.899308      59.012346
  -75.902350      58.271605
  -75.908434      56.790123
  -76.155855      56.543210
  -76.404289      56.049383
  -77.147565      55.061728
  -77.396000      54.567901
  -77.403098      52.839506
  -78.144346      52.345679
  -78.638173      52.098765
  -80.362005      52.345679
  -80.853804      52.592593
  -81.344589      53.086420
  -81.835374      53.580247
  -82.573580      53.827160
  -84.047963      54.814815
  -84.294370      54.814815
  -85.524374      55.308642
  -86.262580      55.555556
  -87.000786      55.802469
  -87.738992      56.049383
  -88.723604      56.296296
  -89.953609      56.790123
  -90.446422      56.790123
  -90.938221      57.037037
  -91.676427      57.283951
  -91.920805      57.777778
  -91.916749      58.765432
  -92.899333      59.506173
  -93.392146      59.506173
  -93.389104      60.246914
  -93.140670      60.740741
  -92.893249      60.987654
  -92.644815      61.481481
  -92.398408      61.481481
  -91.904581      61.728395
  -91.657160      61.975309
  -91.163333      62.222222
  -90.915912      62.469136
  -90.422085      62.716049
  -89.929272      62.716049
  -89.189038      62.962963
  -88.448805      63.209877
  -88.202398      63.209877
  -87.708571      63.456790
  -87.462164      63.456790
  -86.720917      63.950617
  -86.227090      64.197531
  -85.486856      64.444444
  -85.239435      64.691358
  -84.745608      64.938272
  -84.248739      65.925926
  -83.755926      65.925926
  -83.509519      65.925926
  -83.015692      66.172840
  -82.766243      66.913580
  -82.518823      67.160494
  -82.516795      67.654321
  -81.775547      68.148148
  -81.034299      68.641975
  -80.294065      68.888889
  -79.306411      69.382716
  -78.813598      69.382716
  -77.335159      69.382716
  -76.597967      68.888889
  -75.858747      68.888889
  -74.875149      68.395062
  -74.136943      68.148148
  -73.891551      67.901235
  -73.646158      67.654321
  -73.157401      66.666667
  -73.159429      66.172840
  -73.160443      65.925926
  -74.150125      64.938272
  -74.396532      64.938272
  -74.643953      64.691358
  -73.412934      64.444444
  -72.673714      64.444444
  -71.689102      64.197531
  -71.443709      63.950617
  -70.951910      63.703704
  -69.967298      63.456790
  -68.244480      62.962963
  -67.998073      62.962963
  -67.506274      62.716049
  -66.768069      62.469136
  -66.275255      62.469136
  -65.537050      62.222222
  -65.043223      62.469136
  -64.795802      62.716049
  -65.038152      63.703704
  -65.037138      63.950617
  -65.281517      64.444444
  -65.771288      65.185185
  -66.015667      65.679012
  -64.537227      65.679012
  -64.291835      65.432099
  -62.812381      65.679012
  -62.812381      65.679012
  -61.822699      66.666667
  -62.804269      67.654321
  -64.034274      68.148148
  -64.772480      68.395062
  -66.495297      68.888889
  -66.988111      68.888889
  -67.971709      69.382716
  -69.200700      70.123457
  -69.692499      70.370370
  -70.431719      70.370370
  -72.400943      70.864198
  -72.647350      70.864198
  -75.108373      71.604938
  -74.613532      72.098765
  -76.091972      72.098765
  -76.584785      72.098765
  -78.309631      72.098765
  -78.802444      72.098765
  -79.788070      72.098765
  -80.771668      72.592593
  -81.264481      72.592593
  -82.002687      72.839506
  -82.495500      72.839506
  -83.480113      73.086420
  -84.465739      73.086420
  -85.204959      73.086420
  -86.931833      72.592593
  -87.424646      72.592593
  -89.643319      72.345679
  -90.136132      72.345679
  -90.140188      71.358025
  -91.125814      71.358025
  -92.111441      71.358025
  -92.605268      71.111111
  -93.098081      71.111111
  -94.333156      70.370370
  -94.826983      70.123457
  -96.060030      69.876543
  -96.306436      69.876543
  -97.292063      69.876543
  -98.031282      69.876543
  -99.016909      69.876543
  -100.248942      69.876543
  -100.741755      69.876543
  -101.233554      70.123457
  -102.463559      70.617284
  -102.709965      70.617284
  -103.201764      70.864198
  -103.200750      71.111111
  -103.446143      71.358025
  -103.936928      71.851852
  -103.936928      71.851852
  -104.674120      72.345679
  -105.165919      72.592593
  -105.904124      72.839506
  -106.644358      72.592593
  -107.383578      72.592593
  -109.108424      72.592593
  -109.601237      72.592593
  -110.834284      72.345679
  -111.326083      72.592593
  -112.311709      72.592593
  -113.296322      72.839506
  -114.035541      72.839506
  -114.527340      73.086420
  -116.497579      73.333333
  -117.236799      73.333333
  -118.469846      73.086420
  -119.209065      73.086420
  -120.194692      73.086420
  -121.180318      73.086420
  -123.397977      73.086420
  -123.402033      72.098765
  -122.910234      71.851852
  -122.418435      71.604938
  -121.926636      71.358025
  -120.202804      71.111111
  -119.216163      71.358025
  -118.723350      71.358025
  -117.984131      71.358025
  -116.998504      71.358025
  -116.260299      71.111111
  -115.767486      71.111111
  -115.521079      71.111111
  -114.045682      70.370370
  -114.046696      70.123457
  -114.048724      69.629630
  -113.803331      69.382716
  -114.052780      68.641975
  -114.053794      68.395062
  -114.055822      67.901235
  -114.057850      67.407407
  -114.797070      67.407407
  -116.027074      67.901235
  -117.010672      68.395062
  -117.010672      68.395062
  -118.240677      68.888889
  -118.733490      68.888889
  -120.457323      69.135802
  -121.689355      69.135802
  -122.428575      69.135802
  -122.921388      69.135802
  -123.663650      68.395062
  -124.404898      67.901235
  -124.405912      67.654321
  -124.409968      66.666667
  -124.906837      65.679012
  -124.906837      65.679012
  -125.399650      65.679012
  -126.877076      65.925926
  -128.600908      66.172840
  -129.584506      66.666667
  -128.608006      64.444444
  -128.116207      64.197531
  -127.380029      63.456790
  -126.889244      62.962963
  -126.397445      62.716049
  -125.169468      61.728395
  -124.925089      61.234568
  -124.679697      60.987654
  -124.189926      60.246914
  -124.191954      59.753086
  -123.946561      59.506173
  -123.456790      58.765432
  -122.966005      58.271605
  -122.228813      57.777778
  -121.491622      57.283951
  -121.246229      57.037037
  -120.510052      56.296296
  -120.019266      55.802469
  -119.528481      55.308642
  -118.545897      54.567901
  -118.054098      54.320988
  -117.563313      53.827160
  -117.317920      53.580247
  -116.579715      53.333333
  -116.087915      53.086420
  -115.598144      52.345679
  -115.107359      51.851852
  -114.861967      51.604938
  -114.616574      51.358025
  -114.372196      50.864198
  -113.881411      50.370370
  -113.389611      50.123457
  -112.652420      49.629630
  -112.406013      49.629630
  -111.177022      48.888889
  -110.684209      48.888889
  -109.946004      48.641975
  -109.453190      48.641975
  -108.959363      48.888889
  -108.711943      49.135802
  -106.492255      49.629630
  -106.492255      49.629630
  -105.754050      49.382716
  -105.510685      48.641975
  -105.513727      47.901235
  -105.762162      47.407407
  -106.263087      45.432099
  -106.264101      45.185185
  -105.773316      44.691358
  -105.527923      44.444444
  -105.037138      43.950617
  -103.806120      43.703704
  -103.559713      43.703704
  -102.081274      43.703704
  -101.343068      43.456790
  -100.852283      42.962963
  -100.605876      42.962963
  -99.870713      41.975309
>UnclassifiedFeature <identity>GPlates-18f9a159-9937-46ac-b755-eeb4c0ca9d52</identity> <revision>GPlates-d8c29462-a583-4f1f-b910-dfb5d52ab272</revision>
> oldPlatesHeader
> reconstructionPlateId 302
> name
> validTime TimePeriod <begin> TimeInstant <timePosition>1000</timePosition></begin> <end> TimeInstant <timePosition>0</timePosition></end>
  11.090324      60.987654
  12.080006      61.975309
  12.575861      62.716049
  13.318123      63.456790
  13.811950      63.703704
  14.553198      64.197531
  15.540852      64.691358
  16.282100      65.185185
  17.023348      65.679012
  18.012016      66.419753
  18.505843      66.666667
  19.000684      67.160494
  20.233731      67.407407
  20.973965      67.654321
  21.959591      67.654321
  23.685451      67.901235
  24.919512      68.395062
  25.906153      68.641975
  26.891779      68.641975
  27.632013      68.888889
  28.865059      69.135802
  30.097092      69.135802
  30.343499      69.135802
  30.588891      68.888889
  31.571476      68.148148
  32.308667      67.654321
  32.555074      67.654321
  34.031485      67.160494
  34.276878      66.913580
  34.768677      66.666667
  35.997668      65.925926
  36.736887      65.925926
  38.461733      65.925926
  39.200953      65.925926
  39.940173      65.925926
  41.418612      65.925926
  42.649631      65.679012
  43.388851      65.679012
  44.127057      65.432099
  45.357061      64.938272
  46.341674      64.691358
  48.309884      63.950617
  49.049104      63.950617
  49.540903      63.703704
  50.032702      63.456790
  50.524501      63.209877
  51.509113      62.962963
  52.492712      62.469136
  52.738104      62.222222
  53.229903      61.975309
  53.720689      61.481481
  54.211474      60.987654
  54.703273      60.740741
  55.441478      60.493827
  57.408675      59.506173
  57.408675      59.506173
  57.898446      58.765432
  58.141811      58.024691
  58.140797      57.777778
  57.889320      56.543210
  57.641899      56.296296
  57.388395      54.567901
  57.383324      53.333333
  57.381296      52.839506
  57.130834      51.851852
  56.878343      50.370370
  56.629908      49.876543
  56.627880      49.382716
  56.622810      48.148148
  56.619768      47.407407
  56.616726      46.666667
  56.119857      45.679012
  55.626030      45.432099
  54.885796      45.185185
  53.402287      43.950617
  53.400259      43.456790
  51.412782      39.506173
  49.937384      40.246914
  48.953786      40.740741
  48.215580      40.987654
  47.724795      41.481481
  47.234010      41.975309
  46.746267      43.209877
  46.746267      43.209877
  46.502903      43.950617
  45.768753      45.185185
  44.540776      46.172840
  43.554136      45.925926
  40.842650      45.679012
  39.360154      44.691358
  38.127107      44.444444
  36.648668      44.444444
  34.185616      44.691358
  32.709205      45.185185
  31.479200      45.679012
  30.250209      46.419753
  29.019190      46.666667
  27.049966      47.160494
  25.331204      48.641975
  25.331204      48.641975
  22.625802      49.876543
  21.395797      50.370370
  20.903998      50.617284
  19.921414      51.358025
  16.969605      52.592593
  16.723198      52.592593
  15.000380      53.086420
  14.263189      53.580247
  14.266231      54.320988
  14.765128      55.802469
  15.014577      56.543210
  14.771212      57.283951
  13.542221      58.024691
  12.558623      58.518519
  11.574011      58.765432
  11.085254      59.753086
>UnclassifiedFeature <identity>GPlates-5e3dcca6-32c2-4352-94a9-d1987779136f</identity> <revision>GPlates-840c14bd-af34-4049-8678-01a663d3f448</revision>
> oldPlatesHeader
> reconstructionPlateId 714
> name
> validTime TimePeriod <begin> TimeInstant <timePosition>1000</timePosition></begin> <end> TimeInstant <timePosition>0</timePosition></end>
   3.807641      27.654321
   3.066393      27.160494
   2.571552      26.666667
   2.570538      26.419753
   2.075697      25.925926
   1.579841      25.185185
   1.578827      24.938272
   1.576799      24.444444
   1.327351      23.703704
   1.325323      23.209877
   1.076888      22.716049
   1.074860      22.222222
   1.071818      21.481481
   1.069790      20.987654
   1.067762      20.493827
   1.803939      19.753086
   2.049332      19.506173
   2.047304      19.012346
   2.290668      18.271605
   2.536061      18.024691
   3.274267      17.777778
   3.767080      17.777778
   4.997085      17.283951
   5.980683      16.790123
   6.472482      16.543210
   6.963267      16.049383
   6.962253      15.802469
   7.205618      15.061728
   6.957183      14.567901
   6.706720      13.580247
   6.211879      13.086420
   5.716024      12.345679
   5.467589      11.851852
   5.221183      11.851852
   4.973762      11.604938
   4.477907      10.864198
   3.734631       9.876543
   3.732603       9.382716
   3.237762       8.888889
   2.990341       8.641975
   2.742921       8.395062
   2.001673       7.901235
   1.507846       7.654321
   1.506832       7.407407
   0.519178       6.913580
   0.519178       6.913580
  -1.453089       6.666667
  -1.699496       6.666667
  -2.931528       6.666667
  -4.658402       6.172840
  -5.645043       5.925926
  -6.878090       5.679012
  -8.110122       5.679012
  -8.848328       5.925926
  -9.092707       6.419753
  -10.074277       7.407407
  -10.320683       7.407407
  -10.811469       7.901235
  -11.547646       8.641975
  -11.546632       8.888889
  -11.792025       9.135802
  -12.282810       9.629630
  -12.773595      10.123457
  -13.018988      10.370370
  -13.754151      11.358025
  -13.999544      11.604938
  -14.733693      12.839506
  -14.978072      13.333333
  -15.468857      13.827160
  -15.707151      15.802469
  -15.706137      16.049383
  -15.452633      17.777778
  -15.449591      18.518519
  -15.445535      19.506173
  -15.444520      19.753086
  -15.931250      21.234568
  -12.476487      22.469136
  -11.977590      23.950617
  -10.987908      24.938272
  -10.740487      25.185185
  -9.751819      25.925926
  -9.503384      26.419753
  -8.762137      26.913580
  -8.020889      27.407407
  -7.280655      27.654321
  -6.785814      28.148148
  -5.798160      28.641975
  -5.057926      28.888889
  -4.564099      29.135802
  -3.577458      29.382716
  -2.096991      29.876543
  -1.111365      29.876543
  -0.371131      30.123457
   0.369103      30.370370
   0.862930      30.617284
   2.096991      31.111111
   2.589804      31.111111
   4.068243      31.111111
   4.314650      31.111111
   4.560043      30.864198
   5.049814      30.123457
   5.047786      29.629630
   5.045758      29.135802
   4.550916      28.641975
>UnclassifiedFeature <identity>GPlates-f4e22c44-2294-440e-bce4-dff5d7d62d72</identity> <revision>GPlates-5ed02ea6-f927-41d0-bb50-cd3a5525f23e</revision>
> oldPlatesHeader OldPlatesHeader 00  0 Tanzani 601   230 0    0 0   1
> reconstructionPlateId 201
> name Tanzani
> validTime TimePeriod <begin> TimeInstant <timePosition>1000</timePosition></begin> <end> TimeInstant <timePosition>0</timePosition></end>
  -57.897621      -11.845009
  -57.462418      -11.604938
  -56.969605      -11.604938
  -56.477806      -11.851852
  -55.986007      -12.098765
  -55.247801      -12.345679
  -54.756002      -12.592593
  -53.277562      -12.592593
  -52.784749      -12.592593
  -52.045529      -12.592593
  -51.553730      -12.839506
  -50.813497      -12.592593
  -50.567090      -12.592593
  -49.825842      -12.098765
  -49.579436      -12.098765
  -49.578422      -11.851852
  -48.835146      -10.864198
  -48.585697      -10.123457
  -48.088828      -9.135802
  -47.841407      -8.888889
  -47.099146      -8.148148
  -46.605319      -7.901235
  -45.370244      -7.160494
  -45.370244      -7.160494
  -44.382589      -6.666667
  -43.887748      -6.172840
  -43.391893      -5.432099
  -43.143458      -4.938272
  -43.141430      -4.444444
  -43.384795      -3.703704
  -43.384795      -3.703704
  -44.120972      -2.962963
  -44.612772      -2.716049
  -45.103557      -2.222222
  -45.349963      -2.222222
  -46.088169      -1.975309
  -46.825361      -1.481481
  -47.563566      -1.234568
  -48.055365      -0.987654
  -49.043020      -1.481481
  -49.289426      -1.481481
  -49.535833      -1.481481
  -49.780211      -0.987654
  -49.779197      -0.740741
  -50.023576      -0.246914
  -50.021548       0.246914
  -50.266940       0.493827
  -50.511319       0.987654
  -50.754683       1.728395
  -50.752655       2.222222
  -50.998048       2.469136
  -51.242427       2.962963
  -51.487819       3.209877
  -51.486805       3.456790
  -51.730170       4.197531
  -52.467361       4.691358
  -53.451974       4.938272
  -53.698380       4.938272
  -54.436586       5.185185
  -55.668619       5.185185
  -55.914011       5.432099
  -56.160418       5.432099
  -57.146044       5.432099
  -58.624483       5.432099
  -59.119325       4.938272
  -59.120339       4.691358
  -59.122367       4.197531
  -59.124395       3.703704
  -59.126423       3.209877
  -58.882044       2.716049
  -58.884072       2.222222
  -58.886100       1.728395
  -59.134535       1.234568
  -59.382970       0.740741
  -59.383984       0.493827
  -59.631404       0.246914
  -59.632418       0.000000
  -59.879839      -0.246914
  -59.880853      -0.493827
  -60.374680      -0.740741
  -60.867493      -0.740741
  -60.868507      -0.987654
  -61.361320      -0.987654
  -62.346947      -0.987654
  -63.288498      -0.879403
  -63.895085      -0.990404
  -63.982424      -1.916529
  -63.455413      -2.647213
  -62.860588      -3.553681
  -62.342305      -4.367394
  -61.799455      -4.928421
  -61.212005      -5.917940
  -60.683878      -6.646994
  -60.109667      -7.805470
  -59.772364      -8.772747
  -59.247000      -9.587704
  -58.913674      -10.642016
  -58.367693      -11.289543
>UnclassifiedFeature <identity>GPlates-4873b111-b5fa-4c19-8f12-267b60a2c32b</identity> <revision>GPlates-62c9272e-2c08-4d3f-ad33-3f0ee809c226</revision>
> oldPlatesHeader OldPlatesHeader 00  0 Colora 601   230 0    0 0   1
> reconstructionPlateId 701
> name Colora
> validTime TimePeriod <begin> TimeInstant <timePosition>1000</timePosition></begin> <end> TimeInstant <timePosition>0</timePosition></end>
  31.539063      -6.994329
  30.727795      -6.432682
  29.916528      -5.496604
  29.542097      -3.811664
  29.417287      -3.000397
  29.417287      -1.689888
  29.479692      -0.566595
  29.042855       0.494294
  28.481209       1.180751
  28.543614       2.304044
  28.668424       2.990501
  29.042855       3.801768
  29.354881       4.488225
  30.041338       5.299493
  31.164632       5.361898
  32.297815       4.972696
  33.618529       4.522671
  34.840475       3.786864
  35.873595       2.955781
  36.707190       1.549531
  36.878171       0.316750
  37.054027      -1.194482
  37.048245      -2.328715
  36.376194      -4.330897
  35.708605      -5.292940
  34.949759      -6.348243
  33.426554      -7.421335
  32.475141      -7.431165
  31.975899      -7.306355
>UnclassifiedFeature <identity>GPlates-e3dd4157-0f64-472e-9b0b-378880f04d5f</identity> <revision>GPlates-8f6ef160-90cc-455d-a60d-0eaf4514029f</revision>
> oldPlatesHeader OldPlatesHeader 00  0  601   230 0    0 0   1
> reconstructionPlateId 101
> name CP
> validTime TimePeriod <begin> TimeInstant <timePosition>1000</timePosition></begin> <end> TimeInstant <timePosition>0</timePosition></end>
  -111.594810      39.737581
  -111.528444      39.717083
  -111.395711      39.747828
  -111.316071      39.819513
  -111.249704      39.921789
  -111.156791      39.952442
  -111.063878      39.962657
  -111.037331      40.003499
  -111.063878      40.115690
  -111.116971      40.207344
  -111.156791      40.309036
  -111.090425      40.369977
  -110.997511      40.369977
  -110.878052      40.339513
  -110.745318      40.339513
  -110.586039      40.400426
  -110.546219      40.410573
  -110.267479      40.481558
  -110.094926      40.522086
  -109.909100      40.532215
  -109.816187      40.461284
  -109.683454      40.451145
  -109.550721      40.461284
  -109.404714      40.481558
  -109.271981      40.511957
  -109.152521      40.511957
  -109.086155      40.461284
  -109.125975      40.410573
  -109.165795      40.380128
  -109.152521      40.329356
  -108.993241      40.298874
  -108.847235      40.288710
  -108.714502      40.298874
  -108.634862      40.329356
  -108.541949      40.390278
  -108.475582      40.400426
  -108.236663      40.339513
  -108.130476      40.278545
  -107.957923      40.156441
  -107.918103      40.054518
  -107.851737      39.891122
  -107.838463      39.788800
  -107.772097      39.696579
  -107.679184      39.645291
  -107.572997      39.624765
  -107.440264      39.552876
  -107.347351      39.439756
  -107.307531      39.336758
  -107.307531      39.254250
  -107.347351      39.150977
  -107.426991      39.047551
  -107.466811      38.943972
  -107.493357      38.788316
  -107.519904      38.621906
  -107.519904      38.455105
  -107.519904      38.287915
  -107.626091      38.225118
  -107.772097      38.172745
  -107.878283      38.120335
  -107.971197      38.067887
  -107.997743      37.973384
  -108.037563      37.868237
  -108.064110      37.826136
  -108.011017      37.710232
  -108.050836      37.657488
  -108.050836      37.573019
  -108.024290      37.509604
  -107.851737      37.499030
  -107.745550      37.467297
  -107.652637      37.467297
  -107.546451      37.488454
  -107.506631      37.509604
  -107.347351      37.477876
  -107.227891      37.456717
  -107.134978      37.488454
  -107.042065      37.435551
  -106.896058      37.361424
  -106.816419      37.297828
  -106.710232      37.170473
  -106.590772      37.085449
  -106.537679      37.010973
  -106.431493      36.840468
  -106.338579      36.712337
  -106.338579      36.583990
  -106.351853      36.476870
  -106.444766      36.412525
  -106.577499      36.380333
  -106.736779      36.337389
  -106.803145      36.272929
  -106.816419      36.165375
  -106.829692      36.025332
  -106.803145      35.831011
  -106.816419      35.712023
  -106.750052      35.636209
  -106.842965      35.538628
  -106.816419      35.321352
  -106.856239      35.266941
  -106.896058      35.147106
  -106.988972      35.059842
  -107.042065      34.994331
  -107.081885      34.863152
  -107.134978      34.742718
  -107.201345      34.556245
  -107.241165      34.380354
  -107.347351      34.237168
  -107.493357      34.159966
  -107.719004      34.071647
  -107.931377      34.027453
  -108.183570      33.983236
  -108.342849      33.950058
  -108.409216      33.927932
  -108.515402      33.872591
  -108.674682      33.795053
  -108.794142      33.761801
  -108.979968      33.772887
  -109.165795      33.850445
  -109.391441      33.927932
  -109.537447      34.005348
  -109.630360      34.071647
  -109.842733      34.137895
  -110.015286      34.159966
  -110.280753      34.182031
  -110.572765      34.226144
  -110.798412      34.270233
  -110.970965      34.358342
  -111.090425      34.413362
  -111.355891      34.457353
  -111.568264      34.523294
  -111.647904      34.611134
  -111.700997      34.753674
  -111.793910      34.852211
  -111.900096      34.917836
  -112.139016      34.917836
  -112.311569      34.983408
  -112.537215      35.059842
  -112.683222      35.092577
  -112.842501      35.059842
  -112.948688      35.103486
  -113.015055      35.168908
  -113.161061      35.332230
  -113.240701      35.419200
  -113.373434      35.484365
  -113.572534      35.571169
  -113.665447      35.701197
  -113.864546      35.776948
  -114.010553      35.852626
  -113.997279      36.014549
  -113.970733      36.186897
  -113.904366      36.401796
  -113.877820      36.530449
  -113.798180      36.680271
  -113.612353      36.851136
  -113.439800      36.968383
  -113.320341      37.042900
  -113.280521      37.106714
  -113.240701      37.287223
  -113.161061      37.530749
  -112.961961      37.741860
  -112.869048      37.889278
  -112.683222      38.151786
  -112.537215      38.392454
  -112.470849      38.611492
  -112.311569      38.860998
  -112.165563      39.006137
  -111.993010      39.150977
  -111.886823      39.305829
  -111.767363      39.491197
  -111.661177      39.665811
  -111.621357      39.727333
>UnclassifiedFeature <identity>GPlates-ba71e030-a182-4871-abdc-e2562ba1d6c0</identity> <revision>GPlates-f9781497-6bc7-4fa9-85f3-f001adda3509</revision>
> oldPlatesHeader OldPlatesHeader 00  0  601   230 0    0 0   1
> reconstructionPlateId 602
> name 
> validTime TimePeriod <begin> TimeInstant <timePosition>1000</timePosition></begin> <end> TimeInstant <timePosition>0</timePosition></end>
  108.535642      35.937786
  107.071751      35.758433
  105.976159      35.568054
  105.362194      33.910895
  104.691002      32.187241
  103.717035      31.682667
  102.203488      30.787671
  101.810611      30.175154
  101.492314      29.505514
  101.264755      28.364535
  101.362917      27.597754
  101.730910      26.726521
  102.280495      26.340201
  102.348962      26.284218
  103.158992      25.966608
  104.958852      25.855885
  106.681193      25.832954
  108.006542      26.021173
  108.614111      26.437261
  109.503961      27.202934
  110.006950      28.086041
  110.195863      29.385783
  110.188799      30.921504
  110.087368      31.925175
  109.642271      33.402908
  109.453637      34.404147
  109.255542      35.287087
>